defect cooperate tit_for_tat coin_flip biased_random susp_tit_for_tat grudger waffler 
  5   15   20   10   10   10   10   10  
  4   15   21   10   10    9   11   10  
  3   15   22   10   10    8   12   10  
  2   15   23   10   10    7   13   10  
  0   15   24   10   10    6   14   10  
  0   15   25   10   10    5   15   10  
  0   14   27    9   10    4   16   10  
  0   13   28    9   10    3   17   10  
  0   12   30    8    9    3   19    9  
  0   11   32    7    9    2   21    8  
  0   10   34    6    9    1   23    7  
  0    9   36    4    9    0   25    6  
  0    9   37    3    9    0   27    5  
  0    8   38    3    9    0   28    4  
  0    8   38    2    9    0   30    3  
  0    7   39    1    9    0   31    3  
  0    7   39    1    9    0   31    3  
  0    6   40    1    9    0   31    3  
  0    6   40    1    9    0   31    3  
  0    5   41    1    9    0   31    3  
  0    5   41    1    9    0   31    3  
  0    5   41    1    9    0   31    3  
  0    5   41    1    9    0   31    3  
  0    5   41    1    9    0   31    3  
  0    5   41    1    9    0   31    3  
  0    5   41    1    9    0   31    3  
  0    4   42    1    9    0   31    3  
  0    3   43    1    9    0   31    3  
  0    2   44    1    9    0   31    3  
  0    2   44    1    9    0   31    3  
  0    1   45    1    9    0   31    3  
  0    1   45    1    9    0   31    3  
  0    0   45    1    9    0   31    3  
  0    0   46    1    9    0   31    3  
  0    0   46    1    9    0   31    3  
  0    0   46    1    9    0   31    3  
  0    0   46    1    9    0   31    3  
  0    0   46    1    9    0   31    3  
  0    0   46    1    9    0   31    3  
  0    0   46    1    9    0   31    3  
