defect cooperate tit_for_tat coin_flip biased_random susp_tit_for_tat grudger 
  5   10   10   10   10   10   10  
  4   10   11    9   11    9   11  
  3   10   12    8   12    8   12  
  2   10   13    7   13    7   13  
  0   10   14    6   14    6   14  
  0   11   14    5   15    5   15  
  0   11   14    5   15    4   16  
  0   11   14    4   16    3   17  
  0   11   14    3   17    2   18  
  0   11   14    2   18    1   19  
  0   11   14    0   18    0   20  
  0   11   14    0   19    0   21  
  0   11   14    0   19    0   21  
  0   11   14    0   19    0   21  
  0   11   14    0   19    0   21  
  0   11   14    0   19    0   21  
  0   11   14    0   19    0   21  
  0   11   14    0   19    0   21  
  0   11   14    0   19    0   21  
  0   11   14    0   19    0   21  
  0   11   14    0   19    0   21  
  0   11   14    0   19    0   21  
  0   11   14    0   19    0   21  
  0   11   14    0   19    0   21  
  0   11   14    0   19    0   21  
  0   11   14    0   19    0   21  
  0   11   14    0   19    0   21  
  0   11   14    0   19    0   21  
  0   11   14    0   19    0   21  
  0   11   14    0   19    0   21  
  0   11   14    0   19    0   21  
  0   11   14    0   19    0   21  
  0   11   14    0   19    0   21  
  0   11   14    0   19    0   21  
  0   11   14    0   19    0   21  
  0   11   14    0   19    0   21  
  0   11   14    0   19    0   21  
  0   11   14    0   19    0   21  
  0   11   14    0   19    0   21  
  0   11   14    0   19    0   21  
